0.28657431
1.2843349
-0.82965863
-2.9758118
1.4256242
-2.4456885
-2.7136209
0.85728055
1.5440792
0.70071695
0.098060961
-2.1016679
2.0128147
2.5596366
0.66616767
-0.018665155
-0.60894206
2.1324481
-3.3420486
2.5842789
2.2755503
1.2078127
-0.94326917
2.3645614
-1.322762
0.89091936
1.0814792
1.073675
1.6434673
2.3965931
1.8725866
-0.32678091
1.3548172
0.14122808
-1.123648
1.0790771
1.3810139
0.56566486
2.181073
3.4224469
1.3432916
-2.6320628
1.8440898
0.24092227
-0.59904398
2.1480978
1.6053403
1.8397934
0.98849018
-1.813923
1.8587817
1.1362353
0.38774573
-1.1992145
-0.46112507
2.6580472
1.358746
